0070504
0082506
0030014
0013150
0099674
0013971
0051491
0017931
0090885
0034285
0086843
0013578
0011160
0044106
0092116
0018261
0082362
0072565
0039079
0043737
0018881
0036406
0070827
0080208
0000346
0036718
0080585
0059911
0076183
0030624
0024736
0044566
0015602
0076689
0007389
0089927
0046724
0095427
0024480
0091086
0028995
0061927
0079330
0088923
0029200
0003491
0032288
0060729
0066570
0022667
0061978
0048780
0035840
0041672
0099813
0015304
0063349
0013930
0057607
0040366
0002027
0094053
0019368
0058162
0075911
0018991
0097700
0068103
0060691
0083277
0084163
0050978
0055635
0060509
0087126
0024330
0029092
0043103
0056076
0098129
0015971
0097762
0013512
0098776
0024704
0075502
0028093
0094044
0012994
0053999
0098764
0008474
0032119
0018694
0056323
0092447
0022811
0084861
0058217
0000419